1201.0490
1706.03762
1412.6980
1810.04805
1502.03167
1409.1556
1301.3781
1907.11692
1912.01703
1609.02907
2010.11929
1409.3215
1804.02767
1310.4546
1503.02531
2005.14165
1704.04861
1707.06347
1705.07874
1412.3555
1605.08695
1603.04467
1411.1784
2004.10934
1711.05101
1406.5823
1905.11946
1511.06434
1910.10683
1710.10903
1706.02413
1706.05587
1511.07122
1207.0580
1506.01497
1802.03426
2002.05709
1708.07747
1609.08144
1212.5701
1602.01783
1312.5602
1906.08237
1602.05629
1606.03498
1103.0398
1703.03400
1703.05175
1506.04214
1406.2199
1312.6034
1606.09375
1706.02216
1206.2944
1609.04747
1408.5093
1710.09412
1512.03385
1301.7363
1807.03748
1910.01108
1303.3997
2006.11239
1909.11942
1406.2661
1509.02971
1706.06083
1205.2618
1704.00028
2103.00020
1804.03999
1803.01271
1611.01578
1706.08500
1609.03499
1211.5063
1506.02142
1411.1792
1710.09829
1412.7062
1207.3907
1810.00826
1611.01144
1608.03983
1508.01991
1604.07316
1910.03771
1308.0850
1607.08022
1612.01474
1710.10196
1411.4038
1511.07289
1406.1078
1705.06950
1405.4053
1704.01212
1801.01290
1703.07737
1606.08415
1702.08608
1409.7495
2203.02155
1605.06409
1708.04552
1706.02677
2107.08430
2102.04306
2006.07733
1606.03657
2302.13971
1502.02791
1703.01365
1611.03530
1802.02611
1610.05492
1512.03012
1703.04977
1703.01780
1706.05098
1409.2329
1712.04621
1412.3474
2105.15203
1805.08318
1806.01261
1602.02830
1809.11096
1505.00853
2006.11477
1404.1100
1709.01507
1803.08375
2201.11903
1711.03213
1210.5644
1608.08710
1511.05493
2004.05150
1509.09292
1704.02685
1802.05957
1004.2316
1308.3432
1806.09055
1012.2599
1512.02595
1212.1916
2003.04297
1605.07146
1705.03122
2004.11362
1611.01236
1506.00019
1512.01274
1705.07204
1711.00937
1310.1531
1812.06127
1904.09675
1807.06521
1802.09477
1610.02413
2204.06125
1412.6575
1506.07503
1411.4028
1606.06160
1502.03044
1806.00582
2001.07685
2204.02311
1511.06335
1706.04599
1901.07291
1711.03938
1706.02275
1509.01626
1905.02249
1707.01926
2105.05233
1312.6203
1411.7923
1904.09237
1605.02688
2006.09882
1703.00848
1405.0312
1504.00325
1412.6806
1506.03340
1506.05869
1207.4676
1701.06659
1406.2283
2003.10555
1812.05905
1605.06636
1312.6184
1610.07584
2307.09288
1611.07308
1610.02136
1803.07728
1412.5567
1904.12848
2108.07258
1301.2294
1608.03665
1511.06581
1703.03130
1605.05396
1309.4168
1906.07155
1606.03476
1504.00702
2106.09685
1506.06579
1702.00786
1908.02265
1610.02527
1612.03928
1011.0686
1610.02242
1609.07061
1806.07572
1605.07277
1701.04862
1506.03365
1705.10667
2005.11401
1606.07536
1603.00831
2205.11487
1710.05941
0907.1815
1606.06565
1711.05225
1808.05377
1506.05163
1902.01046
1411.2539
1903.02428
1506.03099
1703.05192
1803.11175
1609.06570
1611.01603
1611.09268
1505.05424
1606.05908
1812.00332
1802.00420
1701.00160
1708.02002
1607.06450
1611.00036
1402.3722
1706.02515
1610.09585
2303.08774
1606.04474
1705.04304
1811.02629
1106.5730
1410.8516
1606.02147
1607.00653
1708.02709
1808.06670
1703.10593
1603.00943
2105.01601
1401.4082
1606.00061
1603.07285
1805.07836
1803.03635
1709.08439
1908.03557
1904.09751
1901.03407
1306.5151
1902.07153
1608.06993
2001.08361
1606.04671
1503.03757
1812.08434
1407.3561
1611.06440
1511.05952
1703.04730
1511.05644
0912.0201
1412.6550
1605.08803
1408.5882
0805.3823
1502.02551
2107.03374
2010.02502
1607.02533
1506.04579
1409.5185
1508.06615
1612.05560
1312.6114
1801.09847
1902.00751
1811.03604
1611.00712
1406.6247
1804.03209
1412.6115
1705.08690
2102.12092
1706.01427
1502.01852
1610.02984
1703.03864
1712.01815
1712.05526
1912.06680
1801.04381
1505.06807
1603.09056
1304.5634
1502.04623
1312.6120
1803.02999
1704.06857
2303.12712
1602.04433
1907.02189
1404.0736
1602.02410
1904.04232
1407.0202
1511.06732
1603.08861
1708.06733
1706.02263
2209.02976
1511.06939
1404.5997
1811.03378
1605.07678
2210.11416
1510.08484
0904.4495
1604.06778
1712.04248
2006.10029
1810.11363
1609.02612
1709.05584
1609.03126
1809.07369
1506.02078
1612.08083
1609.08675
1801.01489
2303.18223
1410.5401
1510.03820
1503.03585
1905.00537
1502.00873
1610.02132
2106.13008
1807.03888
1703.06856
1503.03244
1201.0863
1807.02811
2003.11055
1511.05440
2104.00298
1708.08296
1912.08777
1602.02505
2103.00112
1611.01704
1710.03740
